(0, 8)	1300	0.01	30
(8, 0)	1200	0.01	30
(0, 36)	1200	0.01	30
(36, 0)	1200	0.01	30
(1, 17)	1500	0.01	30
(17, 1)	1300	0.01	30
(1, 32)	1100	0.01	30
(32, 1)	1500	0.01	30
(2, 40)	1500	0.01	30
(40, 2)	1500	0.01	30
(3, 14)	1500	0.01	30
(14, 3)	1500	0.01	30
(4, 15)	1200	0.01	30
(15, 4)	1200	0.01	30
(5, 42)	1100	0.01	30
(42, 5)	1500	0.01	30
(5, 19)	1400	0.01	30
(19, 5)	1400	0.01	30
(5, 44)	1500	0.01	30
(44, 5)	1100	0.01	30
(6, 10)	1100	0.01	30
(10, 6)	1300	0.01	30
(6, 9)	1200	0.01	30
(9, 6)	1100	0.01	30
(6, 18)	1200	0.01	30
(18, 6)	1200	0.01	30
(7, 12)	1500	0.01	30
(12, 7)	1300	0.01	30
(7, 33)	1500	0.01	30
(33, 7)	1400	0.01	30
(8, 15)	1400	0.01	30
(15, 8)	1500	0.01	30
(8, 11)	1500	0.01	30
(11, 8)	1400	0.01	30
(8, 26)	1500	0.01	30
(26, 8)	1500	0.01	30
(8, 40)	1100	0.01	30
(40, 8)	1500	0.01	30
(10, 37)	1300	0.01	30
(37, 10)	1100	0.01	30
(11, 34)	1500	0.01	30
(34, 11)	1500	0.01	30
(12, 30)	1500	0.01	30
(30, 12)	1100	0.01	30
(12, 46)	1100	0.01	30
(46, 12)	1300	0.01	30
(13, 21)	1400	0.01	30
(21, 13)	1100	0.01	30
(13, 14)	1500	0.01	30
(14, 13)	1400	0.01	30
(13, 16)	1300	0.01	30
(16, 13)	1500	0.01	30
(14, 15)	1300	0.01	30
(15, 14)	1500	0.01	30
(16, 23)	1300	0.01	30
(23, 16)	1500	0.01	30
(16, 47)	1200	0.01	30
(47, 16)	1300	0.01	30
(17, 31)	1100	0.01	30
(31, 17)	1500	0.01	30
(17, 20)	1500	0.01	30
(20, 17)	1100	0.01	30
(18, 43)	1500	0.01	30
(43, 18)	1500	0.01	30
(21, 23)	1400	0.01	30
(23, 21)	1300	0.01	30
(22, 37)	1200	0.01	30
(37, 22)	1200	0.01	30
(22, 31)	1100	0.01	30
(31, 22)	1300	0.01	30
(24, 40)	1100	0.01	30
(40, 24)	1400	0.01	30
(25, 42)	1300	0.01	30
(42, 25)	1300	0.01	30
(25, 41)	1200	0.01	30
(41, 25)	1200	0.01	30
(26, 27)	1100	0.01	30
(27, 26)	1200	0.01	30
(27, 30)	1100	0.01	30
(30, 27)	1100	0.01	30
(27, 48)	1100	0.01	30
(48, 27)	1200	0.01	30
(27, 49)	1100	0.01	30
(49, 27)	1100	0.01	30
(28, 46)	1100	0.01	30
(46, 28)	1400	0.01	30
(29, 48)	1300	0.01	30
(48, 29)	1400	0.01	30
(31, 38)	1100	0.01	30
(38, 31)	1500	0.01	30
(33, 35)	1500	0.01	30
(35, 33)	1100	0.01	30
(33, 39)	1200	0.01	30
(39, 33)	1300	0.01	30
(35, 42)	1400	0.01	30
(42, 35)	1400	0.01	30
(37, 41)	1400	0.01	30
(41, 37)	1100	0.01	30
(44, 45)	1500	0.01	30
(45, 44)	1200	0.01	30
