(29,22)	(22,45)	(45,32)	(32,39)	(39,42)	(42,30)	
(43,6)	(6,20)	(20,7)	(7,22)	(22,29)	(29,13)	
(42,39)	(39,46)	(46,27)	(27,48)	
(2,34)	(34,12)	(12,1)	(1,29)	
(41,24)	(24,12)	(12,1)	(1,29)	(29,22)	(22,45)	(45,32)	(32,39)	
(14,39)	(39,46)	(46,27)	(27,48)	(48,25)	
(47,39)	(39,32)	(32,45)	(45,22)	(22,29)	(29,13)	
(4,46)	(46,27)	(27,48)	(48,25)	(25,43)	(43,6)	(6,20)	(20,7)	
(39,32)	(32,45)	(45,22)	(22,33)	
(1,29)	(29,22)	(22,45)	(45,32)	(32,39)	(39,14)	(14,15)	(15,8)	
(48,25)	(25,43)	(43,6)	(6,20)	(20,17)
(11,39)	(39,32)	(32,45)	(45,22)	(22,33)	
(19,30)	(30,42)	(42,39)	(39,32)	(32,45)	(45,22)	(22,29)	
(5,12)	(12,1)	(1,29)	(29,22)	(22,45)	
(35,13)	(13,29)	(29,22)	(22,33)	
